Baseline: 6.066744089126587
Optimized: 1.643286943435669
