Baseline: 6.1222169399261475
Optimized: 1.736881971359253
